10000,0.039707183837890625,54.34,1.9861114025115967,65.27,
20000,0.047145843505859375,62.23,2.3722524642944336,67.04,
30000,0.04506731033325195,68.50,1.9419736862182617,74.70,
40000,0.05113077163696289,71.77,1.9631564617156982,77.01,
50000,0.06032538414001465,76.99,2.218231439590454,78.52,
60000,0.07079315185546875,77.76,2.043375253677368,79.19,
70000,0.0688788890838623,78.48,2.0465400218963623,79.52,
80000,0.0889883041381836,78.22,2.1276543140411377,79.63,
90000,0.08651423454284668,78.38,2.1226882934570312,79.72,
100000,0.09306478500366211,78.70,2.261247158050537,79.92,
110000,0.0985417366027832,79.17,2.2067883014678955,80.21,
120000,0.0949411392211914,79.51,2.2517974376678467,80.42,
130000,0.10285043716430664,79.75,2.1494858264923096,80.66,
140000,0.10644102096557617,80.01,2.316920042037964,80.92,
150000,0.12992334365844727,80.59,2.2384064197540283,81.07,
160000,0.12340617179870605,81.04,2.271770715713501,81.29,
170000,0.12503886222839355,81.24,2.342996835708618,81.49,
180000,0.12961769104003906,81.47,2.38820481300354,81.72,
190000,0.12545156478881836,81.57,2.3482441902160645,81.80,
200000,0.14607810974121094,81.65,2.414386749267578,81.88,
210000,0.15161776542663574,81.52,2.3915460109710693,81.74,
220000,0.14920926094055176,81.54,2.4557929039001465,81.77,
230000,0.14200639724731445,81.61,2.4866373538970947,81.84,
240000,0.1474745273590088,81.61,2.5003976821899414,81.84,
250000,0.16804838180541992,81.68,2.4802026748657227,81.90,
260000,0.16223955154418945,81.79,2.66290283203125,81.91,
270000,0.15592336654663086,82.09,2.5714969635009766,82.10,
280000,0.17233610153198242,82.14,2.6124794483184814,82.15,
