10000,0.03743481636047363,95.62,64.32,2.7499914169311523,81.63,58.53,
20000,0.05422663688659668,94.96,67.06,3.6924870014190674,81.30,60.49,
30000,0.06265759468078613,95.38,75.18,4.571861267089844,80.24,66.26,
40000,0.06909394264221191,94.88,77.22,6.223795652389526,78.97,67.58,
50000,0.10908675193786621,94.44,78.11,6.648067235946655,84.67,71.77,
60000,0.10245323181152344,94.33,78.64,7.533318281173706,84.55,72.27,
70000,0.10147261619567871,94.10,79.10,8.20893907546997,84.18,72.67,
80000,0.11893486976623535,94.05,79.48,9.285672664642334,83.98,72.75,
90000,0.12502813339233398,93.61,79.36,10.615272760391235,83.83,72.91,
100000,0.1354963779449463,93.53,79.55,11.256858348846436,83.59,72.92,
110000,0.14825034141540527,93.45,79.82,12.484404563903809,83.46,73.12,
120000,0.15295934677124023,93.44,80.00,13.486742734909058,83.35,73.16,
130000,0.17034196853637695,93.43,80.29,14.075874090194702,83.28,73.35,
140000,0.18796658515930176,93.40,80.40,14.998947858810425,83.22,73.51,
150000,0.19306135177612305,93.33,80.61,16.42383360862732,83.20,73.63,
160000,0.2080857753753662,93.21,80.76,17.525581121444702,83.08,73.81,
170000,0.21685099601745605,93.15,80.92,17.982552766799927,82.98,74.00,
180000,0.2281205654144287,93.10,81.12,19.355365753173828,82.87,74.07,
190000,0.2349996566772461,92.99,81.23,20.21086096763611,82.85,74.17,
200000,0.26062750816345215,92.87,81.29,20.941699743270874,82.80,74.33,
210000,0.26907896995544434,92.63,81.24,21.956578016281128,82.72,74.41,
220000,0.27613377571105957,92.55,81.37,22.76157283782959,82.72,74.50,
230000,0.29060912132263184,92.47,81.45,23.42014503479004,82.68,74.56,
240000,0.3077235221862793,92.39,81.34,24.301195859909058,81.89,74.26,
250000,0.32258129119873047,92.28,81.40,25.48562502861023,81.82,74.31,
260000,0.33297109603881836,92.22,81.47,26.621674060821533,81.76,74.26,
270000,0.33086657524108887,92.18,81.63,27.599385976791382,81.71,74.47,
280000,0.3566553592681885,92.16,81.70,28.08328080177307,81.63,74.48,
