10000,0.013585329055786133,0.17688989639282227,
20000,0.01865983009338379,0.18621540069580078,
30000,0.02280449867248535,0.22398591041564941,
40000,0.025372028350830078,0.23902630805969238,
50000,0.031286001205444336,0.24799728393554688,
60000,0.03511691093444824,0.28015637397766113,
70000,0.05049324035644531,0.29393887519836426,
80000,0.04314923286437988,0.31741809844970703,
90000,0.05343174934387207,0.3726792335510254,
100000,0.0543673038482666,0.36658692359924316,
110000,0.051314592361450195,0.36594605445861816,
120000,0.05645608901977539,0.38327813148498535,
130000,0.06328034400939941,0.4036526679992676,
140000,0.07516813278198242,0.4461178779602051,
150000,0.0722205638885498,0.4626626968383789,
160000,0.08096098899841309,0.48807573318481445,
170000,0.08267617225646973,0.5032389163970947,
180000,0.08434557914733887,0.5231187343597412,
190000,0.09039592742919922,0.5477044582366943,
200000,0.099334716796875,0.5602624416351318,
210000,0.10041546821594238,0.5950069427490234,
220000,0.1205897331237793,0.5831406116485596,
230000,0.1085669994354248,0.6174085140228271,
240000,0.11874556541442871,0.6440906524658203,
250000,0.11868166923522949,0.6824352741241455,
260000,0.11288881301879883,0.7579808235168457,
270000,0.1396944522857666,0.7309896945953369,
280000,0.13839268684387207,0.7461750507354736,
